LI-8100:	     23d	      b8	    46e5	     205	     1a2
File Name:	TEMPEST_FRESH
Instrument Name:	KEVIN
Serial Number:	81A-1767
Software:	4.0.9
Comments:	
Obs#:	6
Port#:	7
Label:	45
Observation Length:	01:30
Pre-purge:	00:30
Post-purge:	00:45
IRGA Averaging:	1
Chamber:	101
TSource:	Tcham
Flow8100:	10
FlowMux:	0
Tmux:	27.790
Vmux:	55.000
Virga:	19.000
Vext:	237.000
Vcham:	4073.500
Offset:	8.000
Area:	317.800
Vtotal:	6926.900
V1 Info:	Multiplexer Flow Rate
V2 Info:	7	M=0.494	B=-0.554	SM
V3 Info:	7	a=0.001	b=0.000	c=0.000	THERM
V4 Info:	7	M=1.000	B=0.000	GP
Labels_01:	30
Type	Etime	Date	Tcham	Pressure	H2O	CO2	Cdry	Tbench	V1	V2	V3	V4	LATITUDE	LONGITUDE	STATUS	SPEED	COURSE	RH	Tboard	Vin	CO2ABS	H2OABS	Hour	DOY	RAWCO2	RAWCO2REF	RAWH2O	RAWH2OREF	Annotation
1	-1	2026-04-24 11:03:56	27.79	101.15	2.14748e+06	-1728.84	0.08	51.38	2.6	-0.255	11.505	0.138	0	0	0	0	0	2.14748e+07	30.67	12.85	-1.09282	88.2741	11.0656	114.46106	-351	-138	-84	1
1	-1	2026-04-24 11:03:57	18.88	101.15	2.14748e+06	306401	-125.75	51.41	2.6	-0.255	11.472	0.139	0	0	0	0	0	2.14748e+07	30.67	12.81	14.4696	-49.9099	11.0658	114.46108	-79	5	98	2
1	-1	2026-04-24 11:03:58	-61.93	101.15	197.721	-3290.56	-4101.51	51.41	2.5	-0.255	11.548	0.288	0	0	0	0	0	466377	30.69	12.72	-3.97076	0.26472	11.0661	114.46109	-430	-74	-46	-65
1	-1	2026-04-24 11:03:59	-71.69	101.15	2.14748e+06	964.15	-0.04	51.38	2.5	-0.255	11.559	0.369	0	0	0	0	0	2.14748e+07	30.67	12.69	0.53369	45.676	11.0664	114.46110	153	257	43	-1
1	-1	2026-04-24 11:04:00	-71.69	101.15	-2.14748e+06	1324.32	0.1	51.41	2.5	-0.255	11.57	0.391	0	0	0	0	0	-2.14748e+07	30.67	12.71	0.87225	27.4939	11.0667	114.46111	109	607	-51	2
1	-1	2026-04-24 11:04:01	-71.69	101.15	-3065.18	-321428	-79068.6	51.41	2.5	-0.255	11.581	0.403	0	0	0	0	0	-5.96576e+06	30.67	12.71	2.02653	5.00749	11.0669	114.46112	129	-108	-108	28
1	-1	2026-04-24 11:04:02	-71.69	101.15	1.25159e+06	1837.58	-1.47	51.41	2.5	-0.255	11.581	0.412	0	0	0	0	0	2.14748e+07	30.69	12.72	0.7701	-6.59253	11.0672	114.46113	165	631	-95	-13
1	-1	2026-04-24 11:04:03	-71.69	101.15	519.63	-3568.19	-7428	51.38	2.5	-0.255	11.581	0.417	0	0	0	0	0	1.4183e+07	30.67	12.73	4.08068	1.02986	11.0675	114.46115	-342	95	5	-174
1	-1	2026-04-24 11:04:04	-71.69	101.15	615.633	-1344.46	-3497.83	51.38	2.5	-0.255	11.581	0.424	0	0	0	0	0	1.68033e+07	30.67	12.72	-2.50554	0.65367	11.0678	114.46116	-541	-132	-110	-330
1	-1	2026-04-24 11:04:05	-71.69	101.15	791.859	-2960.1	-14221.7	51.38	2.5	-0.255	11.581	0.429	0	0	0	0	0	2.14748e+07	30.69	12.72	1.35761	1.00702	11.0681	114.46117	138	-331	1	-148
1	-1	2026-04-24 11:04:06	-71.69	101.15	294.25	33463	47414.8	51.41	2.5	-0.255	11.581	0.433	0	0	0	0	0	8.03136e+06	30.69	12.71	0.54966	-0.5931	11.0683	114.46118	255	485	69	45
1	-1	2026-04-24 11:04:07	-71.69	101.15	495.781	-1633.94	-3240.53	51.38	2.5	0.822	11.581	0.435	0	0	0	0	0	1.3532e+07	30.69	12.7	-4.87653	0.22629	11.0686	114.46119	158	23	-35	-47
1	-1	2026-04-24 11:04:08	-71.69	101.15	490.349	3286.63	6448.8	51.41	2.5	0.822	11.526	0.295	0	0	0	0	0	1.33837e+07	30.67	12.65	0.38707	0.6624	11.0689	114.46120	-421	-587	-116	-357
1	0	2026-04-24 11:04:09	-69.68	101.14	69378.5	1285.54	-18.8	51.41	2.5	0.822	11.513	0.196	0	0	0	0	0	2.14748e+07	30.67	12.85	0.44511	-7.96119	11.0692	114.46122	-199	-311	-345	-40
1	1	2026-04-24 11:04:10	-71.69	101.14	518.175	10086.2	20933.6	51.41	2.6	0.822	11.526	0.186	0	0	0	0	0	1.33157e+07	30.69	12.84	0.08218	0.78633	11.0694	114.46123	-728	-678	-80	-389
1	2	2026-04-24 11:04:11	-71.69	101.15	356.666	-5845.47	-9086.27	51.38	2.6	0.822	11.526	0.178	0	0	0	0	0	9.16623e+06	30.67	12.84	2.25456	0.74535	11.0697	114.46124	-299	204	25	102
1	3	2026-04-24 11:04:12	-71.69	101.15	961.338	-4259.92	-110189	51.41	2.6	0.822	11.526	0.172	0	0	0	0	0	2.14748e+07	30.69	12.84	0.98187	1.26527	11.0700	114.46125	7	310	-36	141
1	4	2026-04-24 11:04:13	-71.69	101.16	1253.93	-4495.6	17704.1	51.38	2.6	0.822	11.537	0.168	0	0	0	0	0	2.14748e+07	30.69	12.85	1.02987	1.894	11.0703	114.46126	-13	396	-37	43
1	5	2026-04-24 11:04:14	-71.69	101.16	1182.35	-192.75	1057.03	51.41	2.6	0.822	11.537	0.165	0	0	0	0	0	2.14748e+07	30.69	12.85	-0.26324	0.8742	11.0706	114.46127	-297	-201	-27	-223
1	6	2026-04-24 11:04:15	-71.69	101.16	2141.42	5563.1	-4873.84	51.38	2.6	0.822	11.537	0.162	0	0	0	0	0	2.14748e+07	30.69	12.85	0.61253	2.87523	11.0708	114.46128	161	353	74	-41
1	7	2026-04-24 11:04:16	-71.69	101.16	1849.27	6972.06	-8209.47	51.41	2.6	0.822	11.537	0.16	0	0	0	0	0	2.14748e+07	30.69	12.85	0.34029	-1.13124	11.0711	114.46130	-174	-226	80	39
1	8	2026-04-24 11:04:17	-71.69	101.16	782.419	-5169.89	-23760.9	51.38	2.6	0.822	11.537	0.158	0	0	0	0	0	2.13577e+07	30.69	12.86	-0.33256	1.03352	11.0714	114.46131	-159	-102	-2	62
1	9	2026-04-24 11:04:18	-71.69	101.16	513.366	13327.1	27386.6	51.41	2.6	0.822	11.537	0.156	0	0	0	0	0	1.40134e+07	30.69	12.86	0.51687	0.4275	11.0717	114.46132	78	138	-27	-49
1	10	2026-04-24 11:04:19	-70.98	101.15	2071.07	2736.18	-2554.62	51.41	2.6	0.822	11.535	0.155	0	0	0	0	0	2.14748e+07	30.69	12.86	0.46878	-1.7429	11.0719	114.46133	-208	-336	-66	-25
1	11	2026-04-24 11:04:20	-71.69	101.15	733.152	-4733.63	-17738.9	51.38	2.6	0.822	11.537	0.154	0	0	0	0	0	1.96031e+07	30.69	12.86	1.30085	0.89252	11.0722	114.46134	202	-576	-42	-406
1	12	2026-04-24 11:04:21	-71.69	101.15	730.141	-1787.85	-6625.1	51.36	2.6	0.822	11.537	0.153	0	0	0	0	0	1.95226e+07	30.69	12.86	-1.24313	0.9043	11.0725	114.46135	-341	-130	-7	-76
1	13	2026-04-24 11:04:22	-71.69	101.16	1460.12	-1912.65	4156.85	51.41	2.6	0.822	11.537	0.152	0	0	0	0	0	2.14748e+07	30.69	12.86	1.17698	1.11707	11.0728	114.46137	-80	389	8	-71
1	14	2026-04-24 11:04:23	-71.69	101.16	243.84	-6353.93	-8402.89	51.41	2.6	0.822	11.537	0.152	0	0	0	0	0	6.52048e+06	30.69	12.85	2.3504	0.69111	11.0731	114.46138	-213	135	-77	-259
1	15	2026-04-24 11:04:24	-71.69	101.15	672.14	-9498.34	-28970.7	51.41	2.6	0.822	11.537	0.15	0	0	0	0	0	1.83456e+07	30.69	12.86	0.85526	0.84856	11.0733	114.46139	-123	-723	-43	-295
1	16	2026-04-24 11:04:25	-71.69	101.15	2743.52	243.17	-139.47	51.41	2.6	0.822	11.537	0.15	0	0	0	0	0	2.14748e+07	30.69	12.86	-0.74886	1.04241	11.0736	114.46140	45	22	-8	196
1	17	2026-04-24 11:04:26	-71.69	101.15	242.365	-3655.62	-4825.01	51.41	2.6	0.822	11.537	0.149	0	0	0	0	0	6.61519e+06	30.69	12.86	-0.295	0.71541	11.0739	114.46141	156	103	-63	-230
1	18	2026-04-24 11:04:27	-71.69	101.15	867.253	23775.7	179101	51.41	2.6	0.822	11.537	0.149	0	0	0	0	0	2.14748e+07	30.69	12.86	3.29515	0.978	11.0742	114.46142	-118	44	9	425
1	19	2026-04-24 11:04:28	-71.69	101.15	801.043	4823.1	24241.6	51.38	2.6	0.822	11.537	0.149	0	0	0	0	0	2.14748e+07	30.69	12.86	0.6072	1.05608	11.0744	114.46144	145	315	-19	352
1	20	2026-04-24 11:04:29	-71.69	101.15	835.62	-1382.72	-8411.73	51.41	2.6	0.822	11.537	0.148	0	0	0	0	0	2.14748e+07	30.69	12.86	-0.3664	0.83341	11.0747	114.46145	-521	-326	-38	-237
1	21	2026-04-24 11:04:30	-71.69	101.15	-1.77672e+06	3589.27	2.02	51.41	2.6	0.822	11.526	0.148	0	0	0	0	0	-2.14748e+07	30.69	12.86	1.06493	18.3163	11.0750	114.46146	16	-287	50	-3
1	22	2026-04-24 11:04:31	-71.69	101.15	1336.43	-3236.39	9619.8	51.38	2.6	0.822	11.537	0.148	0	0	0	0	0	2.14748e+07	30.69	12.86	0.98896	0.95094	11.0753	114.46147	-3	-215	17	360
1	23	2026-04-24 11:04:32	-71.69	101.15	-3273.87	-54376.6	-12723	51.41	2.6	0.822	11.526	0.147	0	0	0	0	0	-2.14748e+07	30.69	12.85	2.15944	4.83623	11.0756	114.46148	-108	80	-48	13
1	24	2026-04-24 11:04:33	-71.69	101.15	1007	260.17	-37167.1	51.41	2.6	0.822	11.537	0.147	0	0	0	0	0	2.14748e+07	30.69	12.85	0.08364	0.62219	11.0758	114.46149	-358	-334	-92	-253
1	25	2026-04-24 11:04:34	-70.98	101.15	5579.23	-48.92	10.68	51.41	2.6	0.822	11.535	0.147	0	0	0	0	0	2.14748e+07	30.69	12.85	0.95582	1.503	11.0761	114.46150	-21	-394	-61	126
1	26	2026-04-24 11:04:35	-71.69	101.15	834.37	-7910.61	-47760.7	51.41	2.6	0.822	11.537	0.146	0	0	0	0	0	2.14748e+07	30.69	12.85	0.32893	1.15378	11.0764	114.46152	-253	-322	41	-277
1	27	2026-04-24 11:04:36	-71.69	101.15	1501.78	-7601.07	15148.2	51.41	2.6	0.822	11.537	0.146	0	0	0	0	0	2.14748e+07	30.69	12.86	0.9303	1.1645	11.0767	114.46153	-12	-145	-19	120
1	28	2026-04-24 11:04:37	-71.69	101.15	747.972	38581.3	153082	51.41	2.6	0.822	11.537	0.146	0	0	0	0	0	1.99994e+07	30.69	12.85	0.55894	0.87769	11.0769	114.46154	-484	-937	-95	-807
1	29	2026-04-24 11:04:38	-71.69	101.15	633.648	42919.1	117153	51.41	2.6	0.822	11.537	0.145	0	0	0	0	0	1.69426e+07	30.69	12.85	0.422	0.88012	11.0772	114.46155	136	201	6	52
1	30	2026-04-24 11:04:39	-71.69	101.15	373.254	-3206.63	-5116.28	51.41	2.6	0.822	11.537	0.145	0	0	0	0	0	1.01877e+07	30.69	12.85	3.2414	0.30735	11.0775	114.46156	186	-71	-4	-6
1	31	2026-04-24 11:04:40	-71.69	101.15	659.126	-4359.73	-12790	51.41	2.6	0.822	11.537	0.145	0	0	0	0	0	1.79904e+07	30.69	12.85	3.74747	-0.45457	11.0778	114.46157	106	-33	28	20
1	32	2026-04-24 11:04:41	-71.69	101.15	20843.2	3706.23	-186.78	51.38	2.6	0.822	11.537	0.145	0	0	0	0	0	2.14748e+07	30.69	12.85	2.31957	-5.06982	11.0781	114.46159	-161	104	-111	-19
1	33	2026-04-24 11:04:42	-70.98	101.15	1606.09	-12319.6	20326.4	51.38	2.6	0.822	11.535	0.145	0	0	0	0	0	2.14748e+07	30.69	12.86	0.04546	1.51949	11.0783	114.46160	371	332	-27	54
1	34	2026-04-24 11:04:43	-71.69	101.15	22798.2	-156.51	7.18	51.38	2.6	0.822	11.537	0.145	0	0	0	0	0	2.14748e+07	30.69	12.85	-0.19629	0.71886	11.0786	114.46161	-340	-243	46	170
1	35	2026-04-24 11:04:44	-71.69	101.16	618.254	-575.75	-1508.19	51.38	2.6	0.822	11.537	0.145	0	0	0	0	0	1.65326e+07	30.69	12.85	-0.27728	0.8258	11.0789	114.46162	-124	-83	-28	-167
1	36	2026-04-24 11:04:45	-71.69	101.16	913.143	-789.66	-9091.18	51.41	2.6	0.822	11.537	0.145	0	0	0	0	0	2.14748e+07	30.69	12.85	-4.6556	1.08342	11.0792	114.46163	324	49	-11	137
1	37	2026-04-24 11:04:46	-71.69	101.16	429.997	-2411.73	-4231.11	51.41	2.6	0.822	11.537	0.144	0	0	0	0	0	1.14985e+07	30.69	12.85	1.44147	0.90877	11.0794	114.46164	-154	299	-18	-205
1	38	2026-04-24 11:04:47	-71.69	101.16	1658.2	-2022.05	3072.09	51.41	2.6	0.822	11.537	0.144	0	0	0	0	0	2.14748e+07	30.69	12.86	1.26759	1.53281	11.0797	114.46166	-70	225	-60	117
1	39	2026-04-24 11:04:48	-70.98	101.16	103015	-1730.55	16.96	51.38	2.6	0.822	11.535	0.145	0	0	0	0	0	2.14748e+07	30.69	12.86	-2.57997	-9.86931	11.0800	114.46167	-192	-46	136	13
1	40	2026-04-24 11:04:49	-70.98	101.16	1344.57	-641.7	1862.32	51.41	2.6	0.822	11.535	0.144	0	0	0	0	0	2.14748e+07	30.69	12.85	0.12035	0.9561	11.0803	114.46168	-281	-273	-18	-426
1	41	2026-04-24 11:04:50	-71.69	101.16	458.206	-6861.01	-12663.6	51.41	2.6	0.822	11.537	0.144	0	0	0	0	0	1.19859e+07	30.69	12.85	1.20745	1.01695	11.0806	114.46169	-98	406	-7	429
1	42	2026-04-24 11:04:51	-71.69	101.16	781.059	-4343.17	-19837.3	51.41	2.6	0.822	11.537	0.144	0	0	0	0	0	2.04312e+07	30.69	12.85	1.9615	1.02348	11.0808	114.46170	256	-228	8	-354
1	43	2026-04-24 11:04:52	-71.69	101.16	46.234	-11203.1	-11746.1	51.41	2.6	0.822	11.537	0.144	0	0	0	0	0	1.20941e+06	30.69	12.86	0.85127	-0.36142	11.0811	114.46171	-132	-761	-266	-203
1	44	2026-04-24 11:04:53	-70.98	101.15	2201.13	5054.34	-4207.99	51.41	2.6	0.822	11.535	0.144	0	0	0	0	0	2.14748e+07	30.69	12.86	0.42742	0.56076	11.0814	114.46172	-274	-409	-52	-123
1	45	2026-04-24 11:04:54	-71.69	101.15	-9826.94	17539.3	1619.97	51.41	2.6	0.822	11.537	0.144	0	0	0	0	0	-2.14748e+07	30.69	12.85	1.16367	4.00149	11.0817	114.46174	-20	107	52	-18
1	46	2026-04-24 11:04:55	-71.69	101.15	218.222	-93569.6	-119688	51.41	2.6	0.822	11.537	0.144	0	0	0	0	0	5.83485e+06	30.69	12.85	0.76434	0.26454	11.0819	114.46175	-91	-330	-63	-89
1	47	2026-04-24 11:04:56	-71.69	101.16	8791.34	2851.5	-365.98	51.38	2.6	0.822	11.537	0.144	0	0	0	0	0	2.14748e+07	30.69	12.85	0.54378	-3.52698	11.0822	114.46176	27	51	61	14
1	48	2026-04-24 11:04:57	-71.69	101.16	847.206	11932	78094.3	51.41	2.6	0.822	11.537	0.143	0	0	0	0	0	2.14748e+07	30.69	12.85	1.20918	1.26717	11.0825	114.46177	53	-218	-9	35
1	49	2026-04-24 11:04:58	-71.69	101.15	2.14748e+06	8250.11	-0.38	51.41	2.6	0.822	11.537	0.143	0	0	0	0	0	2.14748e+07	30.69	12.86	1.06067	349.058	11.0828	114.46178	-36	-115	335	-1
1	50	2026-04-24 11:04:59	-71.69	101.16	2.14748e+06	-2.14748e+07	1000.05	51.41	2.6	0.822	11.537	0.143	0	0	0	0	0	2.14748e+07	30.69	12.86	-21474.8	-21474.8	11.0831	114.46179	-30	-479	37	0
1	51	2026-04-24 11:05:00	-71.69	101.16	2.14748e+06	2.14748e+07	-1000.05	51.41	2.6	0.822	11.537	0.143	0	0	0	0	0	2.14748e+07	30.69	12.86	21474.8	21474.8	11.0833	114.46181	174	108	-180	0
1	52	2026-04-24 11:05:01	-71.69	101.16	2.14748e+06	5075.5	-1.69	51.38	2.6	0.822	11.537	0.142	0	0	0	0	0	2.14748e+07	30.69	12.85	0.95737	-8.09106	11.0836	114.46182	7	171	175	20
1	53	2026-04-24 11:05:02	-71.69	101.15	2.14748e+06	-2.14748e+07	1000.05	51.41	2.6	0.822	11.537	0.142	0	0	0	0	0	2.14748e+07	30.69	12.86	-21474.8	-21474.8	11.0839	114.46183	9	-197	152	0
1	54	2026-04-24 11:05:03	-71.69	101.15	-2.14748e+06	-2472.25	-0.2	51.41	2.6	0.822	11.537	0.142	0	0	0	0	0	-2.14748e+07	30.69	12.86	1.53451	0.36063	11.0842	114.46184	133	-213	-8	-13
1	55	2026-04-24 11:05:04	-71.69	101.15	1.97063e+06	4575.65	-2.32	51.41	2.6	0.822	11.537	0.142	0	0	0	0	0	2.14748e+07	30.69	12.86	1.5639	-43.676	11.0844	114.46185	-157	222	129	3
1	56	2026-04-24 11:05:05	-71.69	101.15	1.05186e+06	1994.6	-1.9	51.38	2.6	0.822	11.537	0.142	0	0	0	0	0	2.14748e+07	30.7	12.85	0.57754	-28.4031	11.0847	114.46186	-68	-147	283	10
1	57	2026-04-24 11:05:06	-71.69	101.16	-60271.1	6820.27	111.31	51.41	2.6	0.822	11.537	0.142	0	0	0	0	0	-2.14748e+07	30.69	12.85	1.51192	8.44601	11.0850	114.46188	-119	202	-43	6
1	58	2026-04-24 11:05:07	-71.69	101.15	1051	-3161.72	61994.5	51.38	2.6	0.822	11.537	0.142	0	0	0	0	0	2.14748e+07	30.69	12.85	1.38113	-0.57771	11.0853	114.46189	-29	65	-164	-108
1	59	2026-04-24 11:05:08	-72.43	101.15	221.698	-13476.4	-17315.2	51.38	2.6	0.822	11.559	0.303	0	0	0	0	0	6.18629e+06	30.7	12.84	1.33605	-0.02768	11.0856	114.46190	121	-308	-182	-184
1	60	2026-04-24 11:05:09	-70.98	101.15	496.451	-2846.63	-5653.12	51.41	2.6	0.822	11.567	0.388	0	0	0	0	0	1.35503e+07	30.7	12.85	0.11511	0.77736	11.0858	114.46191	-235	-227	3	14
1	61	2026-04-24 11:05:10	-71.69	101.15	-9132.23	1530.5	151.05	51.41	2.6	0.822	11.567	0.412	0	0	0	0	0	-2.14748e+07	30.7	12.85	0.68575	5.7793	11.0861	114.46192	179	479	-23	5
1	62	2026-04-24 11:05:11	-71.69	101.15	-520.087	-3973.23	-2613.81	51.41	2.6	0.822	11.57	0.425	0	0	0	0	0	-1.42163e+07	30.7	12.85	-0.19527	4.17466	11.0864	114.46193	-157	-112	-110	36
1	63	2026-04-24 11:05:12	-71.69	101.16	1291.36	11205.7	-38460.1	51.38	2.6	0.822	11.57	0.435	0	0	0	0	0	2.14748e+07	30.7	12.85	0.54328	1.67263	11.0867	114.46194	-135	-252	-112	173
1	64	2026-04-24 11:05:13	-71.69	101.16	6985.79	-136.09	22.74	51.41	2.6	0.822	11.581	0.441	0	0	0	0	0	2.14748e+07	30.7	12.85	0.29574	-3.10974	11.0869	114.46196	-91	-111	-178	-45
1	65	2026-04-24 11:05:14	-71.69	101.16	-1.3788e+06	7697.41	5.58	51.41	2.6	0.822	11.57	0.446	0	0	0	0	0	-2.14748e+07	30.7	12.85	0.42194	-0.03898	11.0872	114.46197	-125	-185	-2	-2
1	66	2026-04-24 11:05:15	-71.69	101.16	590.446	4029.17	9838.04	51.41	2.6	0.822	11.581	0.451	0	0	0	0	0	1.61174e+07	30.7	12.85	5.12949	0.94301	11.0875	114.46198	-111	23	-13	-237
1	67	2026-04-24 11:05:16	-71.69	101.16	956.184	-5486.57	-125207	51.41	2.6	0.822	11.57	0.455	0	0	0	0	0	2.14748e+07	30.69	12.85	1.48759	1.42738	11.0878	114.46199	-187	329	58	-141
1	68	2026-04-24 11:05:17	-71.69	101.16	1031.32	-7926.98	253097	51.41	2.6	0.822	11.57	0.46	0	0	0	0	0	2.14748e+07	30.69	12.84	0.89167	-0.69315	11.0881	114.46200	-36	-286	-44	-27
1	69	2026-04-24 11:05:18	-70.98	101.16	985.666	3612.01	252059	51.41	2.6	0.822	11.515	0.317	0	0	0	0	0	2.14748e+07	30.7	12.85	0.59838	0.40346	11.0883	114.46201	-164	-349	-360	-627
1	70	2026-04-24 11:05:19	-71.69	101.16	1273.17	-76.33	279.42	51.41	2.6	0.822	11.515	0.208	0	0	0	0	0	2.14748e+07	30.7	12.86	0.03856	1.45173	11.0886	114.46203	-305	-271	10	-23
1	71	2026-04-24 11:05:20	-70.98	101.16	21245.8	2368.17	-116.97	51.41	2.6	0.822	11.524	0.195	0	0	0	0	0	2.14748e+07	30.7	12.86	1.38363	-3.41566	11.0889	114.46204	-175	387	34	8
1	72	2026-04-24 11:05:21	-71.69	101.16	8622.98	353.08	-46.32	51.38	2.6	0.822	11.526	0.187	0	0	0	0	0	2.14748e+07	30.7	12.86	1.56863	1.16848	11.0892	114.46205	136	-205	6	-37
1	73	2026-04-24 11:05:22	-71.69	101.16	1010.87	-3388.42	311722	51.41	2.6	0.822	11.537	0.181	0	0	0	0	0	2.14748e+07	30.7	12.86	3.53422	1.19705	11.0894	114.46206	-228	77	11	-58
1	74	2026-04-24 11:05:23	-71.69	101.16	470938	-1718.34	3.66	51.38	2.6	0.822	11.537	0.176	0	0	0	0	0	2.14748e+07	30.7	12.86	1.20038	0.65367	11.0897	114.46207	-85	364	-2	-6
1	75	2026-04-24 11:05:24	-71.69	101.16	9025.11	550.49	-68.6	51.41	2.6	0.822	11.537	0.172	0	0	0	0	0	2.14748e+07	30.7	12.86	-4.30786	1.19565	11.0900	114.46208	-211	-34	-29	154
1	76	2026-04-24 11:05:25	-71.69	101.15	798.53	-4211.87	-20905.7	51.41	2.6	0.822	11.537	0.169	0	0	0	0	0	2.14748e+07	30.7	12.85	0.99707	1.25974	11.0903	114.46209	-1	-208	82	-328
1	77	2026-04-24 11:05:26	-71.69	101.15	1635.77	101.06	-158.96	51.38	2.6	0.822	11.537	0.166	0	0	0	0	0	2.14748e+07	30.7	12.85	7.71344	1.32468	11.0906	114.46211	306	-39	-30	96
1	78	2026-04-24 11:05:27	-71.69	101.16	406.797	-4517.41	-7615.32	51.38	2.6	0.822	11.537	0.165	0	0	0	0	0	1.11043e+07	30.7	12.85	2.04363	0.91576	11.0908	114.46212	206	-169	-6	-74
1	79	2026-04-24 11:05:28	-71.69	101.16	1140.35	-11325.1	80691.7	51.41	2.6	0.822	11.537	0.163	0	0	0	0	0	2.14748e+07	30.7	12.85	0.77056	0.93461	11.0911	114.46213	-91	-338	9	143
1	80	2026-04-24 11:05:29	-71.69	101.16	697.096	3583.37	11830.2	51.41	2.6	0.822	11.537	0.162	0	0	0	0	0	1.90287e+07	30.7	12.85	-0.84719	0.96004	11.0914	114.46214	-283	-131	-7	-182
1	81	2026-04-24 11:05:30	-71.69	101.16	489.634	-3383.96	-6630.41	51.41	2.6	0.822	11.537	0.16	0	0	0	0	0	1.33656e+07	30.7	12.85	1.00998	0.91286	11.0917	114.46215	-6	563	13	155
1	82	2026-04-24 11:05:31	-70.98	101.16	112907	4463.13	-39.88	51.41	2.6	0.822	11.535	0.16	0	0	0	0	0	2.14748e+07	30.7	12.86	0.32946	1	11.0919	114.46216	281	358	0	504
1	83	2026-04-24 11:05:32	-71.69	101.16	724.003	2562.43	9284.17	51.38	2.6	0.822	11.537	0.158	0	0	0	0	0	1.93604e+07	30.7	12.86	0.36075	1	11.0922	114.46218	113	151	0	-2
1	84	2026-04-24 11:05:33	-71.69	101.16	1129.09	-206.89	1602.68	51.41	2.6	0.822	11.537	0.157	0	0	0	0	0	2.14748e+07	30.7	12.86	1.40256	3.15044	11.0925	114.46219	-71	152	-178	86
1	85	2026-04-24 11:05:34	-71.69	101.16	61.622	423.82	451.65	51.41	2.6	0.822	11.537	0.156	0	0	0	0	0	1.64782e+06	30.7	12.86	0.18165	0.21651	11.0928	114.46220	-266	-278	-92	-122
1	86	2026-04-24 11:05:35	-71.69	101.16	826.42	-4962.7	-28590.3	51.41	2.6	0.822	11.537	0.155	0	0	0	0	0	2.14748e+07	30.7	12.86	1.09884	0.97717	11.0931	114.46221	38	-332	2	91
1	87	2026-04-24 11:05:36	-71.69	101.16	-2.14748e+06	2024.27	0.49	51.41	2.6	0.822	11.537	0.155	0	0	0	0	0	-2.14748e+07	30.7	12.86	0.35102	18.1431	11.0933	114.46222	-109	-140	-165	10
1	88	2026-04-24 11:05:37	-71.69	101.16	-799718	13573.8	16.95	51.38	2.6	0.822	11.537	0.154	0	0	0	0	0	-2.14748e+07	30.7	12.86	-0.30268	2.03898	11.0936	114.46223	122	80	-7	7
1	89	2026-04-24 11:05:38	-71.69	101.16	953.411	-2342.62	-50281.6	51.41	2.6	0.822	11.537	0.154	0	0	0	0	0	2.14748e+07	30.7	12.85	3.58687	1.06494	11.0939	114.46225	-133	44	-4	64
2	0	2026-04-24 11:05:38	-71	101.14	24448.4	-984.99	-15382.1	51.4	2.565	0.822	11.521	0.189	0	0	0	0	0	1.72879e+07	30.68	12.84	0.95483	-1.87335	11.0939	114.46225	-133	44	-4	64
3	44.5	2026-04-24 11:05:38	-71.6	101.16	70486	-239300	9246.2	51.4	2.599	0.822	11.539	0.186	0	0	0	0	0	1.43568e+07	30.69	12.85	-237.774	-234.612	11.0939	114.46225	-133	44	-4	64
4	89	2026-04-24 11:05:38	2.75	0.02	4.29496e+06	4.29496e+07	436929	0.05	0.1	0	0.068	0.318	0	0	0	0	0	4.29496e+07	0.03	0.02	42949.6	42949.6	11.0939	114.46225	-133	44	-4	64
CrvFitStatus:	Lin
Exp_Flux:	-45853.621094
Exp_FluxCV:	309.700012
Exp_dCdry/dt:	149.084
Exp_R2:	0.0016
Exp_SSN:	4726305148.3858
Exp_SE:	461.657
Exp_a:	1.4683e-04
Exp_Co:	-15382.1
Exp_Cx:	1000000.0
Exp_t0:	-132.0
Exp_Iter:	2
Exp_MaxIter:	10
Lin_Flux:	-45853.621
Lin_FluxCV:	309.7
Lin_dCdry/dt:	149.084
Lin_R2:	0.0017
Lin_SSN:	4726156802.0230
Lin_SE:	461.650
Crv_Domain:	65
Crv_#Smp:	65
Dead Band:	00:25
TimeClosing:	13

